0, 1
1, 4
2, 1
3, 2
4, 0
5, 0
6, 1
7, 4
8, 0
9, 3
10, 4
11, 1
12, 2
13, 4
14, 2
15, 4
16, 2
17, 5
18, 1
19, 1
20, 1
21, 4
22, 4
23, 2
24, 4
25, 5
26, 2
27, 1
28, 4
29, 5
30, 5
31, 5
32, 5
33, 1
34, 4
35, 1
36, 0
37, 4
38, 1
39, 1
40, 1
41, 1
42, 1
43, 1
44, 1
45, 1
46, 1
47, 1
48, 4
49, 1
50, 4
51, 4
52, 1
53, 3
54, 4
55, 2
56, 5
57, 2
58, 4
59, 1
60, 2
61, 3
62, 4
63, 0
64, 1
65, 4
66, 4
67, 4
68, 2
69, 4
70, 1
71, 1
72, 1
73, 2
74, 5
75, 1
76, 1
77, 5
78, 5
79, 4
80, 2
81, 1
82, 4
83, 5
84, 1
85, 4
86, 2
87, 0
88, 4
89, 1
90, 5
91, 3
92, 1
93, 4
94, 4
95, 4
96, 5
97, 0
98, 4
99, 1
100, 4
101, 1
102, 5
103, 4
104, 1
105, 4
106, 4
107, 4
108, 2
109, 1
110, 1
111, 1
112, 2
113, 0
114, 1
115, 1
116, 1
117, 2
118, 4
119, 1
120, 2
121, 1
122, 4
123, 5
124, 0
125, 1
126, 0
127, 4
128, 2
129, 3
130, 5
131, 1
132, 1
133, 1
134, 0
135, 3
136, 1
137, 1
138, 1
139, 1
140, 0
141, 1
142, 1
143, 3
144, 1
145, 1
146, 1
147, 4
148, 1
149, 2
150, 2
151, 4
152, 4
153, 4
154, 4
155, 4
156, 4
157, 4
158, 1
159, 5
160, 1
161, 3
162, 5
163, 1
164, 2
165, 1
166, 1
167, 4
168, 2
169, 3
170, 1
171, 1
172, 5
173, 0
174, 1
175, 5
176, 4
177, 1
178, 4
179, 5
180, 4
181, 1
182, 4
183, 5
184, 4
185, 1
186, 1
187, 1
188, 1
189, 4
190, 1
191, 5
192, 1
193, 1
194, 4
195, 3
196, 1
197, 1
198, 1
199, 1
200, 4
201, 0
202, 1
203, 1
204, 1
205, 4
206, 4
207, 3
208, 1
209, 1
210, 3
211, 1
212, 4
213, 4
214, 1
215, 5
216, 4
217, 0
218, 5
219, 4
220, 4
221, 4
222, 4
223, 4
224, 4
225, 3
226, 1
227, 4
228, 4
229, 1
230, 1
231, 4
232, 4
233, 4
234, 4
235, 4
236, 4
237, 1
238, 2
239, 1
240, 1
241, 1
242, 1
243, 5
244, 4
245, 1
246, 1
247, 1
248, 4
249, 3
250, 1
251, 4
252, 1
253, 4
254, 4
255, 1
256, 4
257, 4
258, 1
259, 4
260, 1
261, 4
262, 5
263, 0
264, 1
265, 4
266, 5
267, 4
268, 5
269, 0
270, 0
271, 1
272, 5
273, 0
274, 5
275, 4
276, 4
277, 1
278, 5
279, 3
280, 0
281, 1
282, 1
283, 0
284, 5
285, 5
286, 5
287, 1
288, 0
289, 0
290, 0
291, 4
292, 4
293, 3
294, 0
295, 4
296, 4
297, 5
298, 0
299, 4
300, 3
301, 2
302, 4
303, 4
304, 4
305, 5
306, 1
307, 1
308, 2
309, 3
310, 4
311, 2
312, 1
313, 1
314, 1
315, 1
316, 1
317, 4
318, 4
319, 1
320, 1
321, 4
322, 4
323, 1
324, 2
325, 2
326, 2
327, 2
328, 0
329, 0
330, 0
331, 2
332, 4
333, 1
334, 1
335, 4
336, 4
337, 1
338, 5
339, 1
340, 1
341, 1
342, 4
343, 3
344, 1
345, 1
346, 1
347, 1
348, 1
349, 4
350, 1
351, 1
352, 2
353, 2
354, 2
355, 4
356, 4
357, 4
358, 3
359, 3
360, 1
361, 1
362, 2
363, 4
364, 4
365, 4
366, 4
367, 1
368, 1
369, 1
370, 3
371, 2
372, 4
373, 1
374, 4
375, 2
376, 2
377, 2
378, 2
379, 1
380, 5
381, 3
382, 4
383, 2
384, 2
385, 1
386, 1
387, 1
388, 1
389, 1
390, 4
391, 4
392, 4
393, 1
394, 1
395, 0
396, 3
397, 3
398, 3
399, 1
400, 1
401, 1
402, 1
403, 1
404, 1
405, 1
406, 4
407, 5
408, 4
409, 1
410, 1
411, 1
412, 1
413, 3
414, 4
415, 3
416, 1
417, 1
418, 1
419, 4
420, 4
421, 2
422, 4
423, 2
424, 1
425, 1
426, 1
427, 4
428, 4
429, 5
430, 5
431, 0
432, 3
433, 3
434, 1
435, 1
436, 1
437, 4
438, 4
439, 4
440, 4
441, 2
442, 4
443, 2
444, 4
445, 4
446, 5
447, 4
448, 1
449, 2
450, 2
451, 4
452, 5
453, 1
454, 1
455, 4
456, 4
457, 5
458, 5
459, 4
460, 4
461, 2
462, 4
463, 4
464, 1
465, 3
466, 3
467, 1
468, 4
469, 4
470, 4
471, 4
472, 1
473, 4
474, 5
475, 4
476, 4
477, 4
478, 1
479, 5
480, 1
481, 4
482, 4
483, 4
484, 1
485, 4
486, 1
487, 1
488, 1
489, 1
490, 5
491, 3
492, 1
493, 1
494, 1
495, 1
496, 1
497, 1
498, 5
499, 1
500, 1
501, 4
502, 4
503, 4
504, 1
505, 5
506, 1
507, 4
508, 4
509, 1
510, 4
511, 1
512, 2
513, 2
514, 1
515, 1
516, 4
517, 4
518, 2
519, 1
520, 1
521, 4
522, 4
523, 4
524, 2
525, 4
526, 1
527, 1
528, 0
529, 1
530, 1
531, 1
532, 1
533, 5
534, 5
535, 4
536, 1
537, 5
538, 4
539, 4
540, 0
541, 4
542, 1
543, 3
544, 0
545, 2
546, 1
547, 4
548, 1
549, 4
550, 4
551, 4
552, 2
553, 5
554, 4
555, 4
556, 2
557, 4
558, 4
559, 3
560, 4
561, 5
562, 5
563, 3
564, 1
565, 3
566, 4
567, 5
568, 1
569, 1
570, 1
571, 4
572, 4
573, 4
574, 4
575, 4
576, 4
577, 0
578, 2
579, 1
580, 4
581, 4
582, 3
583, 1
584, 1
585, 1
586, 4
587, 1
588, 2
589, 1
590, 4
591, 0
592, 4
593, 1
594, 1
595, 1
596, 1
597, 4
598, 4
599, 4
600, 1
601, 5
602, 4
603, 1
604, 1
605, 1
606, 1
607, 1
608, 4
609, 4
610, 3
611, 1
612, 1
613, 1
614, 0
615, 0
616, 4
617, 5
618, 1
619, 4
620, 1
621, 1
622, 1
623, 1
624, 1
625, 1
626, 2
627, 0
628, 3
629, 2
630, 1
631, 1
632, 1
633, 4
634, 4
635, 3
636, 4
637, 2
638, 2
639, 4
640, 4
641, 1
642, 1
643, 1
644, 0
645, 2
646, 4
647, 1
648, 4
649, 1
650, 1
651, 1
652, 0
653, 3
654, 1
655, 4
656, 1
657, 3
658, 4
659, 1
660, 1
661, 1
662, 3
663, 1
664, 5
665, 4
666, 1
667, 1
668, 4
669, 4
670, 4
671, 1
672, 5
673, 4
674, 1
675, 1
676, 1
677, 2
678, 1
679, 2
680, 4
681, 3
682, 1
683, 4
684, 4
685, 4
686, 4
687, 4
688, 4
689, 5
690, 1
691, 1
692, 1
693, 5
694, 4
695, 3
696, 0
697, 4
698, 4
699, 4
700, 4
701, 4
702, 2
703, 1
704, 3
705, 3
706, 4
707, 4
708, 4
709, 2
710, 2
711, 4
712, 2
713, 5
714, 4
715, 3
716, 3
717, 4
718, 1
719, 1
720, 1
721, 1
722, 1
723, 0
724, 0
725, 4
726, 1
727, 4
728, 4
729, 1
730, 1
731, 1
732, 5
733, 1
734, 1
735, 1
736, 1
737, 1
738, 4
739, 0
740, 5
741, 1
742, 4
743, 2
744, 4
745, 4
746, 4
747, 4
748, 4
749, 4
750, 1
751, 1
752, 1
753, 1
754, 5
755, 4
756, 2
757, 1
758, 1
759, 1
760, 1
761, 1
762, 2
763, 4
764, 1
765, 2
766, 3
767, 1
768, 4
769, 5
770, 5
771, 4
772, 4
773, 4
774, 2
775, 1
776, 2
777, 4
778, 1
779, 4
780, 2
781, 2
782, 5
783, 2
784, 2
785, 1
786, 1
787, 1
788, 1
789, 0
790, 1
791, 4
792, 1
793, 5
794, 1
795, 3
796, 1
797, 4
798, 5
799, 4
800, 4
801, 5
802, 5
803, 4
804, 4
805, 4
806, 1
807, 1
808, 1
809, 1
810, 3
811, 1
812, 4
813, 5
814, 1
815, 1
816, 1
817, 1
818, 3
819, 4
820, 3
821, 1
822, 1
823, 5
824, 1
825, 4
826, 0
827, 4
828, 4
829, 4
830, 2
831, 5
832, 5
833, 5
834, 1
835, 1
836, 1
837, 1
838, 0
839, 4
840, 1
841, 4
842, 4
843, 1
844, 4
845, 2
846, 1
847, 1
848, 1
849, 1
850, 1
851, 3
852, 3
853, 3
854, 1
855, 1
856, 0
857, 3
858, 3
859, 5
860, 1
861, 1
862, 5
863, 1
864, 1
865, 1
866, 1
867, 2
868, 1
869, 1
870, 3
871, 4
872, 1
873, 4
874, 1
875, 1
876, 4
877, 1
878, 2
879, 1
880, 2
881, 5
882, 4
883, 4
884, 5
885, 1
886, 5
887, 5
888, 4
889, 0
890, 0
891, 5
892, 1
893, 1
894, 2
895, 5
896, 2
897, 5
898, 1
899, 4
900, 1
901, 4
902, 4
903, 4
904, 4
905, 4
906, 4
907, 1
908, 3
909, 5
910, 4
911, 4
912, 0
913, 5
914, 4
915, 3
916, 0
917, 2
918, 4
919, 1
920, 4
921, 4
922, 4
923, 1
924, 5
925, 1
926, 3
927, 3
928, 1
929, 4
930, 1
931, 1
932, 1
933, 1
934, 4
935, 1
936, 1
937, 1
938, 1
939, 1
940, 0
941, 1
942, 1
943, 1
944, 3
945, 1
946, 4
947, 2
948, 0
949, 0
950, 1
951, 1
952, 4
953, 4
954, 1
955, 1
956, 4
957, 1
958, 4
959, 1
960, 2
961, 3
962, 1
963, 5
964, 1
965, 1
966, 0
967, 4
968, 3
969, 3
970, 1
971, 2
972, 2
973, 1
974, 4
975, 1
976, 4
977, 4
978, 2
979, 1
980, 1
981, 1
982, 1
983, 1
984, 1
985, 0
986, 1
987, 4
988, 1
989, 1
990, 1
991, 5
992, 4
993, 5
994, 1
995, 1
996, 1
997, 5
998, 4
999, 4
1000, 4
1001, 2
1002, 1
1003, 1
1004, 4
1005, 4
1006, 4
1007, 4
1008, 4
1009, 1
1010, 1
1011, 5
1012, 4
1013, 2
1014, 5
1015, 2
1016, 2
1017, 0
1018, 5
1019, 5
1020, 1
1021, 2
1022, 4
1023, 2
1024, 1
1025, 0
1026, 5
1027, 5
1028, 2
1029, 2
1030, 0
1031, 3
1032, 1
1033, 5
1034, 5
1035, 2
1036, 4
1037, 2
1038, 2
1039, 5
1040, 2
1041, 2
1042, 2
1043, 2
1044, 0
1045, 3
1046, 2
1047, 2
1048, 2
1049, 2
1050, 5
1051, 3
1052, 5
1053, 5
1054, 2
1055, 5
1056, 2
1057, 5
1058, 2
1059, 5
1060, 2
1061, 4
1062, 4
1063, 5
1064, 3
1065, 1
1066, 5
1067, 2
1068, 2
1069, 1
1070, 2
1071, 5
1072, 5
1073, 4
1074, 0
1075, 4
1076, 2
1077, 1
1078, 2
1079, 1
1080, 5
1081, 2
1082, 5
1083, 2
1084, 1
1085, 5
1086, 2
1087, 1
1088, 2
1089, 2
1090, 2
1091, 5
1092, 1
1093, 5
1094, 3
1095, 5
1096, 3
1097, 3
1098, 2
1099, 5
1100, 2
1101, 2
1102, 2
1103, 1
1104, 0
1105, 2
1106, 2
1107, 2
1108, 3
1109, 2
1110, 5
1111, 5
1112, 0
1113, 3
1114, 4
1115, 4
1116, 2
1117, 2
1118, 5
1119, 2
1120, 0
1121, 3
1122, 2
1123, 5
1124, 3
1125, 2
1126, 1
1127, 2
1128, 3
1129, 5
1130, 5
1131, 4
1132, 2
1133, 2
1134, 0
1135, 2
1136, 2
1137, 5
1138, 2
1139, 5
1140, 5
1141, 2
1142, 2
1143, 5
1144, 4
1145, 5
1146, 2
1147, 5
1148, 2
1149, 3
1150, 2
1151, 3
1152, 2
1153, 5
1154, 0
1155, 4
1156, 5
1157, 5
1158, 3
1159, 2
1160, 0
1161, 2
1162, 5
1163, 2
1164, 5
1165, 4
1166, 5
1167, 4
1168, 5
1169, 4
1170, 2
1171, 5
1172, 5
1173, 2
1174, 2
1175, 5
1176, 2
1177, 4
1178, 3
1179, 5
1180, 2
1181, 0
1182, 3
1183, 3
1184, 4
1185, 3
1186, 3
1187, 5
1188, 3
1189, 5
1190, 2
1191, 4
1192, 2
1193, 0
1194, 5
1195, 5
1196, 2
1197, 4
1198, 3
1199, 4
1200, 2
1201, 3
1202, 3
1203, 4
1204, 5
1205, 1
1206, 2
1207, 4
1208, 5
1209, 4
1210, 2
1211, 1
1212, 4
1213, 0
1214, 3
1215, 3
1216, 1
1217, 3
1218, 3
1219, 4
1220, 0
1221, 3
1222, 4
1223, 3
1224, 3
1225, 2
1226, 4
1227, 5
1228, 2
1229, 4
1230, 4
1231, 4
1232, 3
1233, 1
1234, 4
1235, 3
1236, 2
1237, 0
1238, 4
1239, 4
1240, 1
1241, 4
1242, 2
1243, 3
1244, 4
1245, 5
1246, 2
1247, 4
1248, 2
1249, 4
1250, 2
1251, 2
1252, 3
1253, 2
1254, 5
1255, 2
1256, 2
1257, 4
1258, 3
1259, 3
1260, 0
1261, 2
1262, 2
1263, 3
1264, 4
1265, 3
1266, 3
1267, 4
1268, 2
1269, 5
1270, 3
1271, 5
1272, 4
1273, 4
1274, 5
1275, 2
1276, 3
1277, 5
1278, 5
1279, 4
1280, 3
1281, 4
1282, 4
1283, 4
1284, 4
1285, 3
1286, 2
1287, 1
1288, 5
1289, 2
1290, 4
1291, 3
1292, 3
1293, 3
1294, 2
1295, 2
1296, 5
1297, 0
1298, 3
1299, 3
1300, 3
1301, 3
1302, 2
1303, 3
1304, 5
1305, 4
1306, 3
1307, 2
1308, 3
1309, 2
1310, 5
1311, 2
1312, 5
1313, 4
1314, 5
1315, 5
1316, 5
1317, 3
1318, 5
1319, 5
1320, 2
1321, 2
1322, 4
1323, 5
1324, 3
1325, 3
1326, 4
1327, 5
1328, 1
1329, 5
1330, 4
1331, 4
1332, 3
1333, 3
1334, 4
1335, 4
1336, 4
1337, 3
1338, 3
1339, 4
1340, 3
1341, 3
1342, 5
1343, 1
1344, 3
1345, 4
1346, 3
1347, 2
1348, 0
1349, 4
1350, 5
1351, 4
1352, 2
1353, 0
1354, 5
1355, 0
1356, 0
1357, 5
1358, 0
1359, 5
1360, 5
1361, 3
1362, 2
1363, 5
1364, 5
1365, 5
1366, 5
1367, 5
1368, 0
1369, 5
1370, 5
1371, 2
1372, 5
1373, 2
1374, 4
1375, 5
1376, 5
1377, 3
1378, 5
1379, 0
1380, 5
1381, 4
1382, 3
1383, 4
1384, 0
1385, 5
1386, 0
1387, 4
1388, 1
1389, 2
1390, 2
1391, 2
1392, 2
1393, 2
1394, 2
1395, 4
1396, 2
1397, 4
1398, 5
1399, 5
1400, 0
1401, 2
1402, 2
1403, 2
1404, 2
1405, 2
1406, 5
1407, 5
1408, 5
1409, 5
1410, 4
1411, 2
1412, 0
1413, 1
1414, 0
1415, 0
1416, 2
1417, 2
1418, 3
1419, 4
1420, 1
1421, 3
1422, 3
1423, 3
1424, 4
1425, 2
1426, 2
1427, 2
1428, 5
1429, 5
1430, 4
1431, 0
1432, 3
1433, 3
1434, 3
1435, 3
1436, 3
1437, 1
1438, 5
1439, 2
1440, 2
1441, 5
1442, 2
1443, 0
1444, 2
1445, 2
1446, 3
1447, 3
1448, 3
1449, 2
1450, 2
1451, 5
1452, 3
1453, 3
1454, 4
1455, 3
1456, 3
1457, 3
1458, 5
1459, 0
1460, 4
1461, 3
1462, 0
1463, 3
1464, 4
1465, 3
1466, 2
1467, 4
1468, 2
1469, 3
1470, 3
1471, 4
1472, 2
1473, 2
1474, 4
1475, 2
1476, 0
1477, 1
1478, 2
1479, 2
1480, 2
1481, 2
1482, 3
1483, 5
1484, 3
1485, 2
1486, 5
1487, 3
1488, 3
1489, 0
1490, 3
1491, 2
1492, 5
1493, 5
1494, 2
1495, 5
1496, 1
1497, 2
1498, 2
1499, 2
1500, 2
1501, 3
1502, 3
1503, 3
1504, 0
1505, 3
1506, 2
1507, 2
1508, 2
1509, 2
1510, 5
1511, 4
1512, 5
1513, 5
1514, 0
1515, 4
1516, 5
1517, 4
1518, 3
1519, 3
1520, 1
1521, 4
1522, 5
1523, 5
1524, 5
1525, 2
1526, 4
1527, 1
1528, 2
1529, 2
1530, 3
1531, 2
1532, 2
1533, 2
1534, 0
1535, 0
1536, 2
1537, 2
1538, 2
1539, 2
1540, 3
1541, 3
1542, 3
1543, 4
1544, 2
1545, 2
1546, 2
1547, 2
1548, 5
1549, 3
1550, 3
1551, 2
1552, 3
1553, 4
1554, 3
1555, 2
1556, 2
1557, 5
1558, 5
1559, 0
1560, 0
1561, 5
1562, 2
1563, 5
1564, 0
1565, 5
1566, 1
1567, 1
1568, 4
1569, 5
1570, 2
1571, 3
1572, 3
1573, 2
1574, 5
1575, 3
1576, 1
1577, 0
1578, 3
1579, 2
1580, 3
1581, 5
1582, 3
1583, 5
1584, 5
1585, 5
1586, 4
1587, 4
1588, 4
1589, 3
1590, 3
1591, 5
1592, 4
1593, 4
1594, 5
1595, 5
1596, 5
1597, 4
1598, 4
1599, 2
1600, 2
1601, 2
1602, 2
1603, 3
1604, 2
1605, 2
1606, 2
1607, 2
1608, 2
1609, 3
1610, 5
1611, 2
1612, 3
1613, 2
1614, 2
1615, 2
1616, 2
1617, 3
1618, 3
1619, 5
1620, 2
1621, 1
1622, 2
1623, 2
1624, 5
1625, 5
1626, 3
1627, 5
1628, 4
1629, 5
1630, 2
1631, 5
1632, 2
1633, 2
1634, 2
1635, 4
1636, 2
1637, 5
1638, 0
1639, 2
1640, 5
1641, 5
1642, 4
1643, 5
1644, 4
1645, 3
1646, 2
1647, 2
1648, 3
1649, 4
1650, 4
1651, 5
1652, 1
1653, 5
1654, 0
1655, 3
1656, 3
1657, 5
1658, 5
1659, 2
1660, 4
1661, 2
1662, 4
1663, 5
1664, 4
1665, 5
1666, 5
1667, 4
1668, 4
1669, 3
1670, 3
1671, 3
1672, 2
1673, 2
1674, 3
1675, 1
1676, 3
1677, 4
1678, 4
1679, 2
1680, 5
1681, 5
1682, 2
1683, 3
1684, 2
1685, 2
1686, 5
1687, 2
1688, 2
1689, 5
1690, 2
1691, 5
1692, 0
1693, 2
1694, 0
1695, 2
1696, 5
1697, 5
1698, 3
1699, 4
1700, 5
1701, 2
1702, 3
1703, 3
1704, 3
1705, 3
1706, 3
1707, 2
1708, 3
1709, 3
1710, 5
1711, 3
1712, 3
1713, 3
1714, 4
1715, 5
1716, 5
1717, 5
1718, 4
1719, 3
1720, 2
1721, 5
1722, 1
1723, 2
1724, 4
1725, 2
1726, 5
1727, 5
1728, 5
1729, 0
1730, 2
1731, 5
1732, 5
1733, 5
1734, 5
1735, 5
1736, 5
1737, 5
1738, 5
1739, 3
1740, 4
1741, 4
1742, 5
1743, 5
1744, 5
1745, 5
1746, 0
1747, 2
1748, 4
1749, 3
1750, 2
1751, 2
1752, 4
1753, 4
1754, 0
1755, 3
1756, 2
1757, 0
1758, 1
1759, 5
1760, 3
1761, 4
1762, 2
1763, 2
1764, 3
1765, 3
1766, 4
1767, 5
1768, 5
1769, 2
1770, 1
1771, 1
1772, 3
1773, 2
1774, 3
1775, 2
1776, 2
1777, 3
1778, 5
1779, 4
1780, 5
1781, 4
1782, 1
1783, 4
1784, 3
1785, 3
1786, 2
1787, 5
1788, 4
1789, 5
1790, 2
1791, 0
1792, 3
1793, 3
1794, 3
1795, 5
1796, 4
1797, 5
1798, 2
1799, 4
1800, 0
1801, 2
1802, 2
1803, 5
1804, 2
1805, 3
1806, 4
1807, 4
1808, 2
1809, 2
1810, 5
1811, 3
1812, 2
1813, 2
1814, 2
1815, 5
1816, 5
1817, 2
1818, 2
1819, 3
1820, 3
1821, 4
1822, 5
1823, 5
1824, 5
1825, 3
1826, 5
1827, 3
1828, 2
1829, 4
1830, 2
1831, 3
1832, 4
1833, 2
1834, 3
1835, 3
1836, 3
1837, 3
1838, 3
1839, 3
1840, 5
1841, 3
1842, 1
1843, 1
1844, 1
1845, 3
1846, 3
1847, 2
1848, 1
1849, 1
1850, 4
1851, 2
1852, 4
1853, 3
1854, 3
1855, 5
1856, 4
1857, 0
1858, 0
1859, 0
1860, 2
1861, 3
1862, 0
1863, 4
1864, 2
1865, 5
1866, 2
1867, 2
1868, 1
1869, 5
1870, 3
1871, 3
1872, 3
1873, 5
1874, 0
1875, 2
1876, 5
1877, 3
1878, 3
1879, 1
1880, 2
1881, 1
1882, 2
1883, 4
1884, 4
1885, 2
1886, 3
1887, 1
1888, 1
1889, 3
1890, 3
1891, 4
1892, 0
1893, 2
1894, 2
1895, 4
1896, 2
1897, 4
1898, 4
1899, 4
1900, 3
1901, 3
1902, 2
1903, 1
1904, 5
1905, 5
1906, 3
1907, 4
1908, 2
1909, 2
1910, 2
1911, 2
1912, 2
1913, 0
1914, 2
1915, 2
1916, 3
1917, 3
1918, 3
1919, 5
1920, 5
1921, 4
1922, 3
1923, 5
1924, 2
1925, 3
1926, 3
1927, 2
1928, 2
1929, 3
1930, 2
1931, 5
1932, 2
1933, 1
1934, 5
1935, 1
1936, 1
1937, 4
1938, 4
1939, 2
1940, 3
1941, 5
1942, 5
1943, 2
1944, 3
1945, 3
1946, 5
1947, 5
1948, 4
1949, 4
1950, 2
1951, 4
1952, 0
1953, 3
1954, 3
1955, 3
1956, 4
1957, 5
1958, 2
1959, 2
1960, 3
1961, 5
1962, 5
1963, 5
1964, 3
1965, 0
1966, 5
1967, 2
1968, 5
1969, 4
1970, 5
1971, 5
1972, 5
1973, 5
1974, 3
1975, 5
1976, 4
1977, 0
1978, 5
1979, 4
1980, 3
1981, 0
1982, 1
1983, 1
1984, 2
1985, 5
1986, 2
1987, 2
1988, 2
1989, 4
1990, 2
1991, 4
1992, 0
1993, 0
1994, 3
1995, 5
1996, 5
1997, 5
1998, 4
1999, 4
2000, 3
2001, 3
2002, 3
2003, 3
2004, 3
2005, 3
2006, 3
2007, 5
2008, 3
2009, 3
2010, 2
2011, 2
2012, 1
2013, 0
2014, 5
2015, 5
2016, 4
2017, 4
2018, 4
2019, 5
2020, 5
2021, 2
2022, 2
2023, 3
2024, 4
2025, 3
2026, 5
2027, 5
2028, 0
2029, 0
2030, 5
2031, 4
2032, 3
2033, 3
2034, 2
2035, 4
2036, 2
2037, 2
2038, 1
2039, 3
2040, 5
2041, 2
2042, 4
2043, 5
2044, 4
2045, 2
2046, 2
2047, 2
2048, 3
2049, 3
2050, 3
2051, 2
2052, 3
2053, 2
2054, 3
2055, 3
2056, 3
2057, 2
2058, 2
2059, 2
2060, 3
2061, 5
2062, 3
2063, 3
2064, 4
2065, 4
2066, 4
2067, 1
2068, 4
2069, 4
2070, 5
2071, 3
2072, 3
2073, 4
2074, 2
2075, 3
2076, 5
2077, 5
2078, 1
2079, 2
2080, 3
2081, 5
2082, 5
2083, 0
2084, 5
2085, 4
2086, 1
2087, 1
2088, 5
2089, 1
2090, 4
2091, 4
2092, 3
2093, 2
2094, 0
2095, 3
2096, 5
2097, 4
2098, 3
2099, 3
2100, 2
2101, 2
2102, 2
2103, 5
2104, 4
2105, 2
2106, 2
2107, 2
2108, 2
2109, 3
2110, 3
2111, 3
2112, 3
2113, 3
2114, 3
2115, 2
2116, 5
2117, 1
2118, 4
2119, 2
2120, 4
2121, 3
2122, 3
2123, 3
2124, 3
2125, 2
2126, 3
2127, 3
2128, 4
2129, 0
2130, 5
2131, 5
2132, 5
2133, 5
2134, 1
2135, 5
2136, 2
2137, 1
2138, 2
2139, 2
2140, 2
2141, 5
2142, 0
2143, 0
2144, 0
2145, 3
2146, 4
2147, 1
2148, 3
2149, 4
2150, 4
2151, 3
2152, 4
2153, 2
2154, 4
2155, 2
2156, 5
2157, 4
2158, 1
2159, 5
2160, 5
2161, 4
2162, 4
2163, 2
2164, 2
2165, 2
2166, 2
2167, 2
2168, 2
2169, 2
2170, 5
2171, 5
2172, 5
2173, 5
2174, 5
2175, 3
2176, 5
2177, 5
2178, 0
2179, 1
2180, 2
2181, 4
2182, 0
2183, 5
2184, 2
2185, 1
2186, 0
2187, 1
2188, 4
2189, 4
2190, 3
2191, 0
2192, 5
2193, 2
2194, 5
2195, 5
2196, 0
2197, 0
2198, 0
2199, 5
2200, 1
2201, 2
2202, 5
2203, 2
2204, 5
2205, 2
2206, 2
2207, 5
2208, 1
2209, 5
2210, 5
2211, 5
2212, 2
2213, 2
2214, 4
2215, 5
2216, 2
2217, 2
2218, 2
2219, 1
2220, 2
2221, 2
2222, 2
2223, 2
2224, 4
2225, 5
2226, 1
2227, 5
2228, 2
2229, 1
2230, 5
2231, 2
2232, 1
2233, 0
2234, 2
2235, 2
2236, 2
2237, 5
2238, 4
2239, 1
2240, 4
2241, 5
2242, 4
2243, 3
2244, 2
2245, 2
2246, 4
2247, 5
2248, 2
2249, 0
2250, 5
2251, 2
2252, 2
2253, 2
2254, 3
2255, 3
2256, 2
2257, 2
2258, 2
2259, 4
2260, 3
2261, 2
2262, 3
2263, 2
2264, 2
2265, 5
2266, 4
2267, 5
2268, 5
2269, 5
2270, 2
2271, 2
2272, 0
2273, 3
2274, 5
2275, 5
2276, 2
2277, 5
2278, 2
2279, 3
2280, 2
2281, 0
2282, 1
2283, 2
2284, 0
2285, 1
2286, 2
2287, 3
2288, 1
2289, 5
2290, 1
2291, 2
2292, 3
2293, 4
2294, 4
2295, 2
2296, 3
2297, 5
2298, 4
2299, 2
2300, 4
2301, 5
2302, 0
2303, 5
2304, 2
2305, 2
2306, 2
2307, 2
2308, 5
2309, 2
2310, 2
2311, 5
2312, 1
2313, 5
2314, 2
2315, 5
2316, 4
2317, 0
2318, 0
2319, 2
2320, 5
2321, 3
2322, 5
2323, 2
2324, 5
2325, 2
2326, 5
2327, 5
2328, 4
2329, 5
2330, 4
2331, 0
2332, 2
2333, 2
2334, 1
2335, 2
2336, 3
2337, 3
2338, 3
2339, 2
2340, 4
2341, 1
2342, 4
2343, 2
2344, 2
2345, 0
2346, 3
2347, 3
2348, 1
2349, 2
2350, 2
2351, 1
2352, 2
2353, 0
2354, 1
2355, 4
2356, 2
2357, 1
2358, 3
2359, 4
2360, 1
2361, 4
2362, 5
2363, 4
2364, 4
2365, 0
2366, 5
2367, 5
2368, 3
2369, 3
2370, 5
2371, 2
2372, 2
2373, 4
2374, 5
2375, 5
2376, 3
2377, 2
2378, 5
2379, 1
2380, 5
2381, 3
2382, 3
2383, 1
2384, 4
2385, 4
2386, 1
2387, 3
2388, 2
2389, 5
2390, 2
2391, 1
2392, 5
2393, 3
2394, 5
2395, 0
2396, 3
2397, 5
2398, 3
2399, 4
2400, 4
2401, 4
2402, 3
2403, 4
2404, 5
2405, 3
2406, 4
2407, 2
2408, 4
2409, 2
2410, 0
2411, 3
2412, 3
2413, 3
2414, 3
2415, 2
2416, 5
2417, 2
2418, 3
2419, 5
2420, 5
2421, 1
2422, 2
2423, 2
2424, 3
2425, 3
2426, 3
2427, 4
2428, 3
2429, 1
2430, 0
2431, 5
2432, 3
2433, 5
2434, 1
2435, 1
2436, 3
2437, 5
2438, 1
2439, 3
2440, 3
2441, 1
2442, 4
2443, 1
2444, 1
2445, 1
2446, 4
2447, 2
2448, 0
2449, 1
2450, 4
2451, 2
2452, 3
2453, 4
2454, 1
2455, 1
2456, 2
2457, 5
2458, 3
2459, 5
2460, 4
2461, 3
2462, 0
2463, 4
2464, 4
2465, 1
2466, 4
2467, 5
2468, 5
2469, 1
2470, 5
2471, 0
2472, 3
2473, 4
2474, 2
2475, 3
2476, 2
2477, 5
2478, 2
2479, 0
2480, 4
2481, 5
2482, 4
2483, 2
2484, 1
2485, 2
2486, 2
2487, 1
2488, 5
2489, 2
2490, 2
2491, 2
2492, 5
2493, 4
2494, 5
2495, 5
2496, 4
2497, 5
2498, 0
2499, 0
2500, 2
2501, 0
2502, 4
2503, 2
2504, 0
2505, 2
2506, 5
2507, 4
2508, 5
2509, 4
2510, 2
2511, 2
2512, 5
2513, 4
2514, 4
2515, 3
2516, 0
2517, 0
2518, 3
2519, 3
2520, 2
2521, 4
2522, 2
2523, 2
2524, 0
2525, 4
2526, 4
2527, 5
2528, 4
2529, 2
2530, 2
2531, 1
2532, 1
2533, 1
2534, 2
2535, 2
2536, 2
2537, 3
2538, 2
2539, 0
2540, 1
2541, 4
2542, 4
2543, 1
2544, 1
2545, 0
2546, 0
2547, 2
2548, 4
2549, 3
2550, 3
2551, 0
2552, 2
2553, 3
2554, 1
2555, 3
2556, 2
2557, 2
2558, 4
2559, 3
2560, 5
2561, 2
2562, 0
2563, 0
2564, 4
2565, 0
2566, 2
2567, 2
2568, 0
2569, 3
2570, 4
2571, 4
2572, 2
2573, 3
2574, 4
2575, 1
2576, 3
2577, 4
2578, 2
2579, 2
2580, 2
2581, 5
2582, 2
2583, 2
2584, 2
2585, 2
2586, 2
2587, 2
2588, 4
2589, 2
2590, 2
2591, 0
2592, 3
2593, 5
2594, 2
2595, 2
2596, 2
2597, 4
2598, 2
2599, 5
2600, 5
2601, 2
2602, 2
2603, 2
2604, 5
2605, 1
2606, 1
2607, 5
2608, 1
2609, 2
2610, 3
2611, 2
2612, 2
2613, 0
2614, 1
2615, 1
2616, 1
2617, 1
2618, 1
2619, 1
2620, 2
2621, 2
2622, 0
2623, 5
2624, 2
2625, 2
2626, 2
2627, 3
2628, 5
2629, 5
2630, 3
2631, 5
2632, 2
2633, 4
2634, 4
2635, 0
2636, 0
2637, 0
2638, 4
2639, 5
2640, 5
2641, 0
2642, 2
2643, 5
2644, 5
2645, 5
2646, 1
2647, 5
2648, 1
2649, 2
2650, 2
2651, 0
2652, 2
2653, 0
2654, 2
2655, 5
2656, 5
2657, 2
2658, 2
2659, 2
2660, 2
2661, 2
2662, 1
2663, 4
2664, 3
2665, 2
2666, 1
2667, 5
2668, 4
2669, 5
2670, 4
2671, 3
2672, 2
2673, 2
2674, 2
2675, 5
2676, 4
2677, 4
2678, 3
2679, 4
2680, 5
2681, 2
2682, 5
2683, 5
2684, 1
2685, 5
2686, 4
2687, 2
2688, 2
2689, 2
2690, 5
2691, 5
2692, 5
2693, 4
2694, 4
2695, 5
2696, 2
2697, 0
2698, 1
2699, 1
2700, 2
2701, 2
2702, 5
2703, 1
2704, 2
2705, 1
2706, 4
2707, 3
2708, 5
2709, 2
2710, 2
2711, 5
2712, 2
2713, 0
2714, 2
2715, 3
2716, 1
2717, 1
2718, 3
2719, 3
2720, 4
2721, 1
2722, 2
2723, 0
2724, 2
2725, 0
2726, 2
2727, 1
2728, 5
2729, 2
2730, 3
2731, 0
2732, 4
2733, 2
2734, 1
2735, 3
2736, 2
2737, 2
2738, 4
2739, 3
2740, 4
2741, 3
2742, 2
2743, 5
2744, 4
2745, 4
2746, 4
2747, 3
2748, 3
2749, 2
2750, 3
2751, 5
2752, 3
2753, 3
2754, 3
2755, 3
2756, 3
2757, 0
2758, 2
2759, 2
2760, 2
2761, 5
2762, 5
2763, 4
2764, 5
2765, 2
2766, 0
2767, 4
2768, 5
2769, 5
2770, 1
2771, 1
2772, 2
2773, 4
2774, 4
2775, 3
2776, 3
2777, 5
2778, 4
2779, 4
2780, 4
2781, 5
2782, 0
2783, 4
2784, 3
2785, 3
2786, 1
2787, 5
2788, 5
2789, 2
2790, 1
2791, 4
2792, 5
2793, 4
2794, 5
2795, 4
2796, 3
2797, 0
2798, 3
2799, 5
2800, 3
2801, 3
2802, 5
2803, 2
2804, 5
2805, 0
2806, 0
2807, 0
2808, 1
2809, 4
2810, 4
2811, 0
2812, 4
2813, 1
2814, 4
2815, 4
2816, 1
2817, 4
2818, 2
2819, 2
2820, 3
2821, 2
2822, 1
2823, 3
2824, 3
2825, 0
2826, 3
2827, 3
2828, 3
2829, 3
2830, 2
2831, 2
2832, 2
2833, 4
2834, 3
2835, 5
2836, 3
2837, 3
2838, 3
2839, 1
2840, 1
2841, 5
2842, 5
2843, 0
2844, 5
2845, 4
2846, 3
2847, 5
2848, 5
2849, 5
2850, 1
2851, 1
2852, 2
2853, 2
2854, 4
2855, 0
2856, 0
2857, 3
2858, 4
2859, 3
2860, 3
2861, 2
2862, 3
2863, 3
2864, 3
2865, 4
2866, 5
2867, 5
2868, 4
2869, 1
2870, 3
2871, 4
2872, 4
2873, 3
2874, 4
2875, 5
2876, 4
2877, 2
2878, 2
2879, 0
2880, 4
2881, 4
2882, 3
2883, 1
2884, 1
2885, 3
2886, 3
2887, 3
2888, 3
2889, 3
2890, 4
2891, 2
2892, 4
2893, 4
2894, 0
2895, 3
2896, 1
2897, 3
2898, 5
2899, 2
2900, 2
2901, 2
2902, 4
2903, 4
2904, 5
2905, 2
2906, 1
2907, 4
2908, 1
2909, 1
2910, 2
2911, 2
2912, 2
2913, 2
2914, 4
2915, 5
2916, 3
2917, 5
2918, 4
2919, 5
2920, 1
2921, 1
2922, 5
2923, 5
2924, 5
2925, 0
2926, 4
2927, 5
2928, 0
2929, 0
2930, 0
2931, 5
2932, 3
2933, 3
2934, 5
2935, 2
2936, 1
2937, 2
2938, 2
2939, 2
2940, 5
2941, 5
2942, 5
2943, 2
2944, 4
2945, 4
2946, 2
2947, 4
2948, 2
2949, 2
2950, 5
2951, 2
2952, 2
2953, 5
2954, 2
2955, 2
2956, 5
2957, 2
2958, 2
2959, 2
2960, 5
2961, 3
2962, 0
2963, 3
2964, 2
2965, 3
2966, 3
2967, 4
2968, 3
2969, 0
2970, 2
2971, 2
2972, 0
2973, 0
2974, 2
2975, 5
2976, 4
2977, 3
2978, 5
2979, 5
2980, 5
2981, 3
2982, 3
2983, 4
2984, 1
2985, 1
2986, 1
2987, 1
2988, 5
2989, 0
2990, 2
2991, 0
2992, 2
2993, 5
2994, 0
2995, 2
2996, 1
2997, 0
2998, 0
2999, 3
3000, 4
3001, 2
3002, 0
3003, 1
3004, 3
3005, 3
3006, 3
3007, 5
3008, 4
3009, 4
3010, 3
3011, 3
3012, 4
3013, 1
3014, 4
3015, 4
3016, 0
3017, 4
3018, 2
3019, 5
3020, 1
3021, 2
3022, 4
3023, 4
3024, 2
3025, 0
3026, 2
3027, 2
3028, 4
3029, 5
3030, 2
3031, 3
3032, 3
3033, 1
3034, 4
3035, 4
3036, 0
3037, 2
3038, 3
3039, 3
3040, 5
3041, 5
3042, 3
3043, 0
3044, 2
3045, 3
3046, 2
3047, 3
3048, 1
3049, 1
3050, 1
3051, 2
3052, 2
3053, 2
3054, 2
3055, 3
3056, 3
3057, 1
3058, 4
3059, 3
3060, 0
3061, 0
3062, 0
3063, 0
3064, 5
3065, 0
3066, 0
3067, 5
3068, 2
3069, 2
3070, 3
3071, 5
3072, 5
3073, 3
3074, 5
3075, 1
3076, 0
3077, 2
3078, 4
3079, 2
3080, 2
3081, 3
3082, 3
3083, 3
3084, 3
3085, 5
3086, 2
3087, 0
3088, 5
3089, 2
3090, 5
3091, 2
3092, 5
3093, 5
3094, 3
3095, 3
3096, 1
3097, 3
3098, 5
3099, 5
3100, 3
3101, 3
3102, 3
3103, 5
3104, 1
3105, 0
3106, 3
3107, 1
3108, 5
3109, 5
3110, 3
3111, 0
3112, 0
3113, 0
3114, 1
3115, 4
3116, 4
3117, 0
3118, 3
3119, 3
3120, 3
3121, 4
3122, 4
3123, 3
3124, 1
3125, 5
3126, 1
3127, 3
3128, 5
3129, 4
3130, 3
3131, 3
3132, 2
3133, 3
3134, 3
3135, 4
3136, 2
3137, 2
3138, 3
3139, 0
3140, 2
3141, 2
3142, 0
3143, 2
3144, 2
3145, 4
3146, 1
3147, 1
3148, 1
3149, 1
3150, 1
3151, 1
3152, 3
3153, 4
3154, 5
3155, 1
3156, 2
3157, 0
3158, 5
3159, 2
3160, 2
3161, 2
3162, 4
3163, 5
3164, 0
3165, 5
3166, 5
3167, 1
3168, 1
3169, 4
3170, 1
3171, 2
3172, 4
3173, 2
3174, 4
3175, 2
3176, 2
3177, 3
3178, 3
3179, 2
3180, 1
3181, 4
3182, 3
3183, 2
3184, 0
3185, 1
3186, 3
3187, 4
3188, 5
3189, 5
3190, 4
3191, 4
3192, 2
3193, 4
3194, 2
3195, 2
3196, 5
3197, 5
3198, 0
3199, 5
3200, 2
3201, 2
3202, 1
3203, 1
3204, 5
3205, 5
3206, 1
3207, 2
3208, 4
3209, 3
3210, 2
3211, 5
3212, 0
3213, 5
3214, 5
3215, 2
3216, 5
3217, 4
3218, 5
3219, 3
3220, 5
3221, 5
3222, 1
3223, 2
3224, 4
3225, 3
3226, 3
3227, 3
3228, 2
3229, 5
3230, 5
3231, 2
3232, 1
3233, 1
3234, 0
3235, 5
3236, 4
3237, 2
3238, 2
3239, 2
3240, 1
3241, 0
3242, 0
3243, 3
3244, 5
3245, 5
3246, 5
3247, 2
3248, 4
3249, 3
3250, 5
3251, 5
3252, 4
3253, 5
3254, 5
3255, 4
3256, 0
3257, 3
3258, 2
3259, 3
3260, 2
3261, 2
3262, 1
3263, 2
3264, 2
3265, 3
3266, 0
3267, 2
3268, 2
3269, 1
3270, 5
3271, 5
3272, 2
3273, 5
3274, 5
3275, 0
3276, 4
3277, 1
3278, 2
3279, 2
3280, 4
3281, 1
3282, 4
3283, 5
3284, 5
3285, 0
3286, 5
3287, 2
3288, 5
3289, 4
3290, 1
3291, 5
3292, 2
3293, 2
3294, 5
3295, 1
3296, 1
3297, 5
3298, 5
3299, 2
3300, 4
3301, 4
3302, 2
3303, 4
3304, 5
3305, 2
3306, 5
3307, 2
3308, 5
3309, 4
3310, 2
3311, 5
