0, 2
1, 2
2, 2
3, 2
4, 2
5, 2
6, 2
7, 2
8, 2
9, 2
10, 0
11, 2
12, 2
13, 2
14, 2
15, 2
16, 2
17, 2
18, 2
19, 2
20, 2
21, 2
22, 2
23, 2
24, 1
25, 1
26, 1
27, 1
28, 1
29, 1
30, 1
31, 1
32, 1
33, 1
34, 1
35, 1
36, 1
37, 1
38, 1
39, 0
40, 1
41, 1
42, 1
43, 1
44, 1
45, 1
46, 1
47, 1
48, 0
49, 1
50, 1
51, 0
52, 1
53, 0
54, 1
55, 1
56, 0
57, 0
58, 0
59, 0
60, 0
61, 0
62, 0
63, 0
64, 0
65, 0
66, 0
67, 0
68, 0
69, 0
70, 0
71, 0
72, 0
73, 0
74, 0
75, 2
76, 2
77, 2
78, 1
79, 1
80, 1
81, 1
82, 1
83, 1
84, 1
85, 0
86, 1
87, 1
88, 1
89, 1
90, 1
91, 1
92, 1
93, 1
94, 1
95, 1
96, 2
97, 2
98, 2
99, 2
100, 2
101, 2
102, 2
103, 2
104, 2
105, 2
106, 2
107, 2
108, 2
109, 2
110, 2
111, 2
112, 2
113, 2
114, 2
115, 2
116, 2
117, 2
118, 2
119, 2
120, 2
121, 2
122, 2
123, 0
124, 1
125, 1
126, 0
127, 1
128, 0
129, 1
130, 1
131, 1
132, 1
133, 1
134, 1
135, 1
136, 1
137, 1
138, 1
139, 1
140, 1
141, 1
142, 1
143, 1
144, 1
145, 1
146, 1
147, 1
148, 1
149, 1
150, 1
151, 1
152, 1
153, 0
154, 0
155, 1
156, 1
157, 1
158, 1
159, 0
160, 1
161, 3
162, 3
163, 1
164, 1
165, 2
166, 1
167, 1
168, 1
169, 1
170, 1
171, 1
172, 1
173, 1
174, 3
175, 0
176, 1
177, 1
178, 1
179, 1
180, 1
181, 1
182, 1
183, 1
184, 0
185, 1
186, 1
187, 0
188, 0
189, 2
190, 2
191, 2
192, 2
193, 2
194, 2
195, 2
196, 1
197, 2
198, 1
199, 2
200, 2
201, 2
202, 2
203, 1
204, 1
205, 1
206, 2
207, 1
208, 1
209, 2
210, 2
211, 2
212, 2
213, 2
214, 1
215, 1
216, 1
217, 1
218, 1
219, 1
220, 1
221, 1
222, 1
223, 1
224, 1
225, 1
226, 1
227, 1
228, 1
229, 1
230, 0
231, 1
232, 1
233, 1
234, 1
235, 1
236, 1
237, 1
238, 1
239, 1
240, 1
241, 0
242, 0
243, 1
244, 1
245, 1
246, 1
247, 0
248, 1
249, 1
250, 1
251, 1
252, 3
253, 3
254, 3
255, 3
256, 3
257, 0
258, 3
259, 3
260, 3
261, 3
262, 3
263, 3
264, 3
265, 3
266, 3
267, 3
268, 3
269, 3
270, 3
271, 3
272, 3
273, 3
274, 3
275, 3
276, 3
277, 3
278, 3
279, 1
280, 3
281, 3
282, 1
283, 3
284, 3
285, 3
286, 3
287, 3
288, 3
289, 3
290, 3
291, 3
292, 3
293, 3
294, 3
295, 3
296, 3
297, 3
298, 1
299, 3
300, 3
301, 3
302, 3
303, 3
304, 3
305, 1
306, 3
307, 3
308, 3
309, 3
310, 3
311, 3
312, 3
313, 3
314, 3
315, 3
316, 3
317, 3
318, 3
319, 3
320, 3
321, 3
322, 3
323, 3
324, 1
325, 3
326, 3
327, 2
328, 2
329, 1
330, 0
331, 2
332, 2
333, 2
334, 2
335, 2
336, 1
337, 2
338, 2
339, 2
340, 2
341, 2
342, 2
343, 2
344, 3
345, 2
346, 0
347, 2
348, 2
349, 1
350, 2
351, 2
352, 2
353, 1
354, 1
355, 2
356, 1
357, 2
358, 2
359, 1
360, 1
361, 1
362, 1
363, 1
364, 1
365, 1
366, 2
367, 2
368, 2
369, 2
370, 2
371, 2
372, 2
373, 2
374, 2
375, 2
376, 2
377, 2
378, 2
379, 2
380, 2
381, 2
382, 2
383, 2
384, 2
385, 1
386, 1
387, 2
388, 2
389, 2
390, 2
391, 2
392, 2
393, 2
394, 2
395, 2
396, 0
397, 2
398, 2
399, 2
400, 2
401, 2
402, 2
403, 2
404, 2
405, 3
406, 1
407, 1
408, 2
409, 1
410, 1
411, 1
412, 1
413, 0
414, 1
415, 1
416, 1
417, 1
418, 1
419, 1
420, 1
421, 0
422, 0
423, 1
424, 1
425, 1
426, 1
427, 1
428, 0
429, 1
430, 1
431, 1
432, 1
433, 1
434, 0
435, 0
436, 1
437, 1
438, 1
439, 1
440, 1
441, 1
442, 1
443, 1
444, 1
445, 0
446, 1
447, 1
448, 1
449, 1
450, 1
451, 1
452, 1
453, 1
454, 1
455, 1
456, 0
457, 1
458, 1
459, 0
460, 1
461, 0
462, 1
463, 0
464, 1
465, 1
466, 1
467, 1
468, 0
469, 1
470, 1
471, 1
472, 0
473, 1
474, 1
475, 1
476, 1
477, 1
478, 1
479, 1
480, 1
481, 1
482, 1
483, 1
484, 0
485, 1
486, 1
487, 2
488, 2
489, 2
490, 2
491, 2
492, 2
493, 2
494, 2
495, 2
496, 2
497, 2
498, 2
499, 2
500, 2
501, 2
502, 2
503, 2
504, 2
505, 2
506, 2
507, 2
508, 2
509, 2
510, 2
511, 2
512, 0
513, 0
514, 0
515, 0
516, 0
517, 0
518, 0
519, 0
520, 0
521, 0
522, 0
523, 0
524, 0
525, 0
526, 1
527, 1
528, 1
529, 1
530, 1
531, 1
532, 1
533, 1
534, 1
535, 1
536, 1
537, 1
538, 1
539, 0
540, 1
541, 1
542, 1
543, 1
544, 1
545, 1
546, 1
547, 1
548, 1
549, 2
550, 1
551, 1
552, 2
553, 1
554, 1
555, 2
556, 2
557, 1
558, 1
559, 1
560, 1
561, 1
562, 2
563, 2
564, 2
565, 2
566, 2
567, 2
568, 2
569, 0
570, 1
571, 1
572, 1
573, 1
574, 1
575, 0
576, 0
577, 0
578, 2
579, 2
580, 1
581, 1
582, 1
583, 1
584, 1
585, 1
586, 1
587, 1
588, 1
589, 1
590, 1
591, 1
592, 1
593, 1
594, 1
595, 1
596, 1
597, 1
598, 1
599, 1
600, 1
601, 1
602, 1
603, 1
604, 0
605, 1
606, 0
607, 0
608, 0
609, 1
610, 1
611, 3
612, 3
613, 3
614, 3
615, 3
616, 3
617, 3
618, 3
619, 3
620, 3
621, 3
622, 3
623, 3
624, 3
625, 3
626, 3
627, 3
628, 3
629, 3
630, 3
631, 3
632, 3
633, 3
634, 3
635, 3
636, 3
637, 3
638, 3
639, 0
640, 0
641, 1
642, 0
643, 0
644, 0
645, 1
646, 1
647, 1
648, 1
649, 1
650, 2
651, 2
652, 2
653, 1
654, 1
655, 1
656, 1
657, 1
658, 1
659, 1
660, 1
661, 1
662, 2
663, 0
664, 0
665, 1
666, 1
667, 1
668, 2
669, 0
670, 1
671, 1
672, 1
673, 1
674, 1
675, 2
676, 2
677, 2
678, 2
679, 2
680, 2
681, 2
682, 2
683, 2
684, 2
685, 2
686, 2
687, 2
688, 2
689, 2
690, 2
691, 2
692, 2
693, 2
694, 2
695, 2
696, 2
697, 2
698, 2
699, 2
700, 2
701, 2
702, 2
703, 2
704, 2
705, 2
706, 2
707, 2
708, 2
709, 2
710, 2
711, 2
712, 2
713, 2
714, 2
715, 2
716, 2
717, 2
718, 2
719, 2
720, 2
721, 2
722, 2
723, 2
724, 2
725, 2
726, 2
727, 2
728, 2
729, 2
730, 2
731, 2
732, 2
733, 2
734, 2
735, 2
736, 2
737, 1
738, 1
739, 1
740, 1
741, 2
742, 0
743, 1
744, 0
745, 0
746, 1
747, 0
748, 1
749, 0
750, 1
751, 1
752, 1
753, 2
754, 0
755, 0
756, 0
757, 0
758, 0
759, 1
760, 0
761, 1
762, 2
763, 2
764, 2
765, 2
766, 2
767, 2
768, 2
769, 2
770, 2
771, 2
772, 2
773, 2
774, 2
775, 2
776, 2
777, 2
778, 2
779, 2
780, 2
781, 1
782, 2
783, 2
784, 2
785, 3
786, 3
787, 3
788, 3
789, 3
790, 3
791, 3
792, 1
793, 1
794, 1
795, 1
796, 1
797, 1
798, 1
799, 1
800, 1
801, 1
802, 1
803, 1
804, 1
805, 1
806, 1
807, 1
808, 1
809, 0
810, 1
811, 1
812, 1
813, 1
814, 1
815, 1
816, 1
817, 1
818, 1
819, 1
820, 1
821, 1
822, 1
823, 1
824, 1
825, 1
826, 1
827, 1
828, 1
829, 1
830, 1
831, 1
832, 1
833, 1
834, 1
835, 1
836, 1
837, 0
838, 0
839, 0
840, 0
841, 1
842, 1
843, 0
844, 2
845, 2
846, 2
847, 2
848, 3
849, 3
850, 2
851, 2
852, 1
853, 3
854, 2
855, 1
856, 2
857, 2
858, 2
859, 2
860, 2
861, 2
862, 2
863, 2
864, 2
865, 2
866, 2
867, 2
868, 2
869, 2
870, 2
871, 2
872, 2
873, 2
874, 2
875, 2
876, 2
877, 2
878, 2
879, 2
880, 2
881, 2
882, 2
883, 2
884, 2
885, 2
886, 2
887, 2
888, 2
889, 1
890, 0
891, 2
892, 2
893, 2
894, 2
895, 2
896, 2
897, 2
898, 2
899, 2
900, 2
901, 2
902, 2
903, 2
904, 0
905, 0
906, 0
907, 2
908, 2
909, 0
910, 2
911, 2
912, 0
913, 0
914, 0
915, 2
916, 2
917, 1
918, 1
919, 1
920, 1
921, 1
922, 1
923, 1
924, 1
925, 1
926, 1
927, 1
928, 0
929, 0
930, 0
931, 0
932, 1
933, 1
934, 1
935, 1
936, 1
937, 1
938, 1
939, 1
940, 1
941, 1
942, 1
943, 1
944, 1
945, 1
946, 1
947, 1
948, 1
949, 1
950, 1
951, 1
952, 1
953, 1
954, 1
955, 1
956, 1
957, 1
958, 1
959, 1
960, 0
961, 1
962, 1
963, 1
964, 1
965, 1
966, 0
967, 1
968, 1
969, 1
970, 1
971, 3
972, 0
973, 3
974, 3
975, 1
976, 0
977, 0
978, 3
979, 3
980, 3
981, 3
982, 1
983, 3
984, 3
985, 3
986, 3
987, 1
988, 3
989, 2
990, 1
991, 3
992, 3
993, 3
994, 3
995, 3
996, 3
997, 3
998, 3
999, 1
1000, 1
1001, 1
1002, 1
1003, 1
1004, 1
1005, 1
1006, 1
1007, 1
1008, 1
1009, 1
1010, 1
1011, 1
1012, 1
1013, 1
1014, 1
1015, 1
1016, 1
1017, 1
1018, 1
1019, 1
1020, 1
1021, 1
1022, 1
1023, 1
1024, 2
1025, 1
1026, 0
1027, 0
1028, 1
1029, 1
1030, 1
1031, 1
1032, 1
1033, 1
1034, 1
1035, 1
1036, 1
1037, 1
1038, 1
1039, 1
1040, 1
1041, 1
1042, 1
1043, 1
1044, 1
1045, 1
1046, 1
1047, 1
1048, 1
1049, 1
1050, 1
1051, 1
1052, 1
1053, 1
1054, 1
1055, 1
1056, 1
1057, 0
1058, 1
1059, 1
1060, 1
1061, 1
1062, 1
1063, 1
1064, 1
1065, 1
1066, 1
1067, 1
1068, 1
1069, 0
1070, 0
1071, 2
1072, 2
1073, 2
1074, 2
1075, 1
1076, 2
1077, 1
1078, 1
1079, 2
1080, 2
1081, 2
1082, 0
1083, 0
1084, 2
1085, 2
1086, 1
1087, 2
1088, 1
1089, 2
1090, 2
1091, 2
1092, 2
1093, 2
1094, 0
1095, 2
1096, 2
1097, 2
1098, 0
1099, 2
1100, 2
1101, 1
1102, 2
1103, 2
1104, 2
1105, 2
1106, 1
1107, 1
1108, 1
1109, 2
1110, 2
1111, 2
1112, 2
1113, 2
1114, 2
1115, 2
1116, 2
1117, 2
1118, 2
1119, 2
1120, 2
1121, 2
1122, 2
1123, 2
1124, 0
1125, 2
1126, 2
1127, 2
1128, 2
1129, 2
1130, 2
1131, 2
1132, 2
1133, 2
1134, 2
1135, 2
1136, 2
1137, 0
1138, 2
1139, 2
1140, 2
1141, 2
1142, 2
1143, 2
1144, 2
1145, 2
1146, 2
1147, 2
1148, 0
1149, 2
1150, 2
1151, 2
1152, 2
1153, 2
1154, 2
1155, 2
1156, 1
1157, 2
1158, 2
1159, 2
1160, 2
1161, 2
1162, 2
1163, 2
1164, 2
1165, 2
1166, 2
1167, 2
1168, 2
1169, 2
1170, 2
1171, 2
1172, 2
1173, 1
1174, 2
1175, 2
1176, 2
1177, 2
1178, 2
1179, 1
1180, 2
1181, 2
1182, 2
1183, 2
1184, 2
1185, 1
1186, 2
1187, 2
1188, 2
1189, 2
1190, 2
1191, 2
1192, 2
1193, 2
1194, 2
1195, 2
1196, 2
1197, 2
1198, 2
1199, 2
1200, 2
1201, 2
1202, 2
1203, 2
1204, 2
1205, 2
1206, 2
1207, 2
1208, 2
1209, 2
1210, 2
1211, 2
1212, 2
1213, 2
1214, 2
1215, 2
1216, 2
1217, 2
1218, 2
1219, 2
1220, 2
1221, 2
1222, 2
1223, 2
1224, 2
1225, 0
1226, 2
1227, 2
1228, 2
1229, 2
1230, 2
1231, 2
1232, 2
1233, 2
1234, 2
1235, 2
1236, 2
1237, 2
1238, 2
1239, 2
1240, 2
1241, 2
1242, 2
1243, 0
1244, 1
1245, 0
1246, 2
1247, 2
1248, 2
1249, 2
1250, 2
1251, 2
1252, 1
1253, 2
1254, 1
1255, 2
1256, 1
1257, 2
1258, 2
1259, 2
1260, 2
1261, 0
1262, 2
1263, 2
1264, 1
1265, 2
1266, 0
1267, 1
1268, 1
1269, 0
1270, 1
1271, 2
1272, 2
1273, 1
1274, 2
1275, 1
1276, 1
1277, 2
1278, 2
1279, 2
1280, 2
1281, 2
1282, 1
1283, 2
1284, 2
1285, 2
1286, 2
1287, 2
1288, 1
1289, 1
1290, 1
1291, 1
1292, 1
1293, 1
1294, 1
1295, 1
1296, 1
1297, 1
1298, 1
1299, 1
1300, 1
1301, 1
1302, 1
1303, 1
1304, 1
1305, 0
1306, 0
1307, 1
1308, 0
1309, 1
1310, 1
1311, 1
1312, 1
1313, 2
1314, 2
1315, 1
1316, 1
1317, 0
1318, 1
1319, 1
1320, 1
1321, 0
1322, 1
1323, 1
1324, 1
1325, 1
1326, 1
1327, 1
1328, 1
1329, 1
1330, 0
1331, 1
1332, 1
1333, 1
1334, 1
1335, 1
1336, 1
1337, 1
1338, 1
1339, 1
1340, 1
1341, 1
1342, 1
1343, 1
1344, 1
1345, 1
1346, 1
1347, 1
1348, 1
1349, 1
1350, 1
1351, 1
1352, 1
1353, 1
1354, 1
1355, 1
1356, 1
1357, 1
1358, 1
1359, 1
1360, 1
1361, 1
1362, 1
1363, 1
1364, 1
1365, 2
1366, 2
1367, 2
1368, 2
1369, 2
1370, 2
1371, 2
1372, 2
1373, 2
1374, 2
1375, 2
1376, 2
1377, 2
1378, 2
1379, 2
1380, 2
1381, 2
1382, 2
1383, 2
1384, 2
1385, 2
1386, 2
1387, 2
1388, 2
1389, 2
1390, 2
1391, 2
1392, 2
1393, 2
1394, 2
1395, 2
1396, 2
1397, 2
1398, 2
1399, 2
1400, 2
1401, 2
1402, 2
1403, 2
1404, 2
1405, 2
1406, 2
1407, 2
1408, 2
1409, 2
1410, 2
1411, 2
1412, 2
1413, 2
1414, 2
1415, 2
1416, 2
1417, 2
1418, 2
1419, 2
1420, 2
1421, 2
1422, 2
1423, 2
1424, 2
1425, 2
1426, 2
1427, 2
1428, 2
1429, 2
1430, 2
1431, 2
1432, 2
1433, 2
1434, 2
1435, 2
1436, 2
1437, 2
1438, 2
1439, 2
1440, 2
1441, 2
1442, 1
1443, 1
1444, 1
1445, 3
1446, 1
1447, 2
1448, 3
1449, 1
1450, 2
1451, 2
1452, 2
1453, 1
1454, 1
1455, 1
1456, 1
1457, 2
1458, 2
1459, 2
1460, 2
1461, 2
1462, 2
1463, 2
1464, 2
1465, 2
1466, 2
1467, 1
1468, 0
1469, 0
1470, 1
1471, 1
1472, 1
1473, 0
1474, 0
1475, 1
1476, 1
1477, 1
1478, 0
1479, 0
1480, 0
1481, 0
1482, 1
1483, 1
1484, 1
1485, 1
1486, 1
1487, 0
1488, 1
1489, 1
1490, 0
1491, 1
1492, 3
1493, 1
1494, 0
1495, 0
1496, 1
1497, 1
1498, 1
1499, 1
1500, 1
1501, 1
1502, 0
1503, 1
1504, 1
1505, 1
1506, 1
1507, 1
1508, 1
1509, 1
1510, 1
1511, 1
1512, 1
1513, 1
1514, 1
1515, 1
1516, 1
1517, 1
1518, 1
1519, 1
1520, 1
1521, 1
1522, 1
1523, 1
1524, 1
1525, 1
1526, 1
1527, 1
1528, 3
1529, 3
1530, 3
1531, 3
1532, 3
1533, 3
1534, 3
1535, 3
1536, 3
1537, 3
1538, 3
1539, 3
1540, 3
1541, 3
1542, 0
1543, 1
1544, 2
1545, 1
1546, 1
1547, 1
1548, 1
1549, 1
1550, 1
1551, 2
1552, 2
1553, 1
1554, 1
1555, 1
1556, 1
1557, 2
1558, 1
1559, 2
1560, 2
1561, 2
1562, 2
1563, 2
1564, 2
1565, 2
1566, 1
1567, 2
1568, 1
1569, 0
1570, 2
1571, 2
1572, 2
1573, 2
1574, 2
1575, 2
1576, 2
1577, 2
1578, 2
1579, 2
1580, 2
1581, 2
1582, 2
1583, 2
1584, 2
1585, 1
1586, 1
1587, 1
1588, 1
1589, 1
1590, 1
1591, 1
1592, 1
1593, 1
1594, 1
1595, 1
1596, 1
1597, 1
1598, 1
1599, 1
1600, 1
1601, 1
1602, 1
1603, 2
1604, 2
1605, 2
1606, 2
1607, 2
1608, 2
1609, 2
1610, 2
1611, 2
1612, 2
1613, 2
1614, 2
1615, 2
1616, 2
1617, 2
1618, 2
1619, 2
1620, 2
1621, 2
1622, 2
1623, 2
1624, 2
1625, 2
1626, 2
1627, 2
1628, 2
1629, 1
1630, 1
1631, 1
1632, 1
1633, 1
1634, 1
1635, 1
1636, 1
1637, 1
1638, 1
1639, 1
1640, 1
1641, 1
1642, 1
1643, 1
1644, 1
1645, 1
1646, 1
1647, 1
1648, 1
1649, 1
1650, 1
1651, 1
1652, 1
1653, 1
1654, 1
1655, 1
1656, 1
1657, 1
1658, 0
1659, 0
1660, 0
1661, 0
1662, 0
1663, 0
1664, 0
1665, 0
1666, 0
1667, 0
1668, 0
1669, 0
1670, 0
1671, 0
1672, 0
1673, 0
1674, 0
1675, 0
1676, 0
1677, 0
1678, 1
1679, 0
1680, 1
1681, 1
1682, 0
1683, 1
1684, 1
1685, 2
1686, 1
1687, 0
1688, 1
1689, 1
1690, 1
1691, 1
1692, 1
1693, 1
1694, 0
1695, 1
1696, 1
1697, 1
1698, 1
1699, 1
1700, 1
1701, 1
1702, 1
1703, 0
1704, 1
1705, 1
1706, 1
1707, 1
1708, 1
1709, 1
1710, 1
1711, 1
1712, 1
1713, 0
1714, 2
1715, 0
1716, 1
1717, 1
1718, 1
1719, 1
1720, 1
1721, 1
1722, 1
1723, 1
1724, 1
1725, 1
1726, 1
1727, 1
1728, 1
1729, 1
1730, 0
1731, 0
1732, 1
1733, 1
1734, 1
1735, 0
1736, 1
1737, 0
1738, 0
1739, 0
1740, 2
1741, 2
1742, 2
1743, 2
1744, 2
1745, 2
1746, 2
1747, 1
1748, 1
1749, 1
1750, 1
1751, 1
1752, 1
1753, 0
1754, 0
1755, 1
1756, 1
1757, 0
1758, 1
1759, 1
1760, 1
1761, 1
1762, 1
1763, 1
1764, 1
1765, 1
1766, 1
1767, 3
1768, 3
1769, 3
1770, 3
1771, 3
1772, 3
1773, 3
1774, 3
1775, 1
1776, 1
1777, 1
1778, 1
1779, 1
1780, 1
1781, 0
1782, 0
1783, 0
1784, 0
1785, 0
1786, 0
1787, 0
1788, 2
1789, 2
1790, 2
1791, 2
1792, 3
1793, 0
1794, 1
1795, 1
1796, 1
1797, 1
1798, 1
1799, 1
1800, 1
1801, 1
1802, 1
1803, 1
1804, 1
1805, 1
1806, 1
1807, 1
1808, 1
1809, 1
1810, 1
1811, 1
1812, 1
1813, 0
1814, 0
1815, 3
1816, 3
1817, 3
1818, 3
1819, 3
1820, 3
1821, 3
1822, 3
1823, 3
1824, 3
1825, 3
1826, 3
1827, 3
1828, 3
1829, 3
1830, 2
1831, 1
1832, 3
1833, 3
1834, 3
1835, 3
1836, 3
1837, 3
1838, 3
1839, 3
1840, 3
1841, 3
1842, 3
1843, 3
1844, 1
1845, 3
1846, 3
1847, 1
1848, 3
1849, 0
1850, 3
1851, 3
1852, 3
1853, 0
1854, 1
1855, 0
1856, 0
1857, 0
1858, 0
1859, 0
1860, 0
1861, 0
1862, 0
1863, 0
1864, 0
1865, 0
1866, 0
1867, 0
1868, 0
1869, 0
1870, 0
1871, 0
1872, 0
1873, 0
1874, 1
1875, 2
1876, 2
1877, 1
1878, 1
1879, 2
1880, 1
1881, 2
1882, 3
1883, 3
1884, 3
1885, 3
1886, 3
1887, 3
1888, 3
1889, 3
1890, 3
1891, 3
1892, 2
1893, 3
1894, 3
1895, 3
1896, 3
1897, 3
1898, 1
1899, 3
1900, 3
1901, 2
1902, 2
1903, 1
1904, 1
1905, 0
1906, 0
1907, 0
1908, 0
1909, 0
1910, 0
1911, 1
1912, 1
1913, 1
1914, 1
1915, 1
1916, 1
1917, 1
1918, 1
1919, 1
1920, 1
1921, 1
1922, 1
1923, 1
1924, 1
1925, 1
1926, 1
1927, 2
1928, 2
1929, 2
1930, 2
1931, 2
1932, 2
1933, 2
1934, 0
1935, 2
1936, 2
1937, 2
1938, 2
1939, 2
1940, 2
1941, 2
1942, 2
1943, 2
1944, 2
1945, 2
1946, 2
1947, 2
1948, 2
1949, 2
1950, 2
1951, 2
1952, 2
1953, 0
1954, 2
1955, 2
1956, 2
1957, 2
1958, 2
1959, 2
1960, 1
1961, 1
1962, 1
1963, 1
1964, 1
1965, 1
1966, 1
1967, 1
1968, 1
1969, 1
1970, 1
1971, 1
1972, 1
1973, 0
1974, 1
1975, 1
1976, 1
1977, 1
1978, 1
1979, 1
1980, 1
1981, 1
1982, 1
1983, 1
1984, 1
1985, 1
1986, 1
1987, 1
1988, 0
1989, 0
1990, 0
1991, 0
1992, 0
1993, 0
1994, 0
1995, 0
1996, 0
1997, 0
1998, 0
1999, 0
2000, 0
2001, 0
2002, 1
2003, 1
2004, 0
2005, 0
2006, 0
2007, 0
2008, 0
2009, 0
2010, 0
2011, 0
2012, 1
2013, 1
2014, 0
2015, 1
2016, 1
2017, 1
2018, 1
2019, 1
2020, 1
2021, 1
2022, 1
2023, 1
2024, 1
2025, 2
2026, 1
2027, 2
2028, 0
2029, 0
2030, 1
2031, 1
2032, 1
2033, 1
2034, 1
2035, 1
2036, 1
2037, 1
2038, 1
2039, 1
2040, 1
2041, 1
2042, 1
2043, 1
2044, 1
2045, 1
2046, 1
2047, 1
2048, 1
2049, 1
2050, 1
2051, 1
2052, 1
2053, 1
2054, 1
2055, 1
2056, 1
2057, 1
2058, 1
2059, 1
2060, 1
2061, 1
2062, 1
2063, 1
2064, 1
2065, 1
2066, 0
2067, 1
2068, 1
2069, 1
2070, 1
2071, 1
2072, 2
2073, 1
2074, 1
2075, 1
2076, 1
2077, 1
2078, 1
2079, 1
2080, 1
2081, 1
2082, 1
2083, 1
2084, 1
2085, 1
2086, 1
2087, 1
2088, 0
2089, 1
2090, 1
2091, 2
2092, 2
2093, 2
2094, 2
2095, 2
2096, 2
2097, 2
2098, 2
2099, 2
2100, 2
2101, 2
2102, 2
2103, 2
2104, 2
2105, 2
2106, 2
2107, 0
2108, 1
2109, 1
2110, 1
2111, 2
2112, 0
2113, 0
2114, 0
2115, 0
2116, 0
2117, 0
2118, 0
2119, 0
2120, 0
2121, 0
2122, 0
2123, 0
2124, 0
2125, 0
2126, 0
2127, 0
2128, 2
2129, 3
2130, 1
2131, 1
2132, 1
2133, 1
2134, 1
2135, 1
2136, 1
2137, 1
2138, 1
2139, 1
2140, 1
2141, 1
2142, 1
2143, 1
2144, 1
2145, 1
2146, 1
2147, 1
2148, 0
2149, 0
2150, 1
2151, 1
2152, 0
2153, 1
2154, 1
2155, 1
2156, 1
2157, 0
2158, 1
2159, 1
2160, 1
2161, 1
2162, 1
2163, 1
2164, 1
2165, 1
2166, 1
2167, 1
2168, 1
2169, 1
2170, 1
2171, 1
2172, 0
2173, 0
2174, 1
2175, 0
2176, 1
2177, 2
2178, 2
2179, 1
2180, 2
2181, 1
2182, 1
2183, 1
2184, 1
2185, 1
2186, 2
2187, 1
2188, 1
2189, 0
2190, 2
2191, 2
2192, 2
2193, 2
2194, 2
2195, 2
2196, 2
2197, 2
2198, 2
2199, 2
2200, 2
2201, 2
2202, 2
2203, 2
2204, 2
2205, 2
2206, 2
2207, 3
2208, 1
2209, 1
2210, 1
2211, 2
2212, 2
2213, 2
2214, 2
2215, 2
2216, 2
2217, 2
2218, 2
2219, 2
2220, 2
2221, 2
2222, 2
2223, 2
2224, 2
2225, 2
2226, 2
2227, 2
2228, 2
2229, 2
2230, 2
2231, 2
2232, 2
2233, 2
2234, 2
2235, 2
2236, 2
2237, 2
2238, 2
2239, 2
2240, 2
2241, 2
2242, 0
2243, 0
2244, 0
2245, 0
2246, 0
2247, 0
2248, 0
2249, 0
2250, 0
2251, 0
2252, 0
2253, 0
2254, 0
2255, 0
2256, 0
2257, 0
2258, 0
2259, 0
2260, 0
2261, 0
2262, 1
2263, 1
2264, 1
2265, 3
2266, 3
2267, 3
2268, 1
2269, 2
2270, 2
2271, 2
2272, 2
2273, 2
2274, 2
2275, 2
2276, 2
2277, 2
2278, 2
2279, 2
2280, 2
2281, 2
2282, 1
2283, 1
2284, 1
2285, 1
2286, 1
2287, 1
2288, 1
2289, 1
2290, 1
2291, 1
2292, 1
2293, 1
2294, 1
2295, 1
2296, 2
2297, 2
2298, 2
2299, 0
2300, 2
2301, 2
2302, 0
2303, 3
2304, 1
2305, 1
2306, 0
2307, 0
2308, 0
2309, 3
2310, 1
2311, 1
2312, 1
2313, 1
2314, 1
2315, 1
2316, 1
2317, 2
2318, 2
2319, 2
2320, 2
2321, 2
2322, 2
2323, 1
2324, 1
2325, 1
2326, 1
2327, 1
2328, 1
2329, 1
2330, 1
2331, 0
2332, 0
2333, 0
2334, 0
2335, 0
2336, 0
2337, 0
2338, 0
2339, 0
2340, 0
2341, 0
2342, 0
2343, 0
2344, 0
2345, 0
2346, 0
2347, 1
2348, 2
2349, 2
2350, 2
2351, 2
2352, 2
2353, 2
2354, 2
2355, 2
2356, 2
2357, 1
2358, 2
2359, 2
2360, 2
2361, 1
2362, 2
2363, 1
2364, 1
2365, 0
2366, 1
2367, 0
2368, 0
2369, 1
2370, 1
2371, 1
2372, 1
2373, 1
2374, 2
2375, 2
2376, 2
2377, 2
2378, 2
2379, 2
2380, 1
2381, 1
2382, 0
2383, 1
2384, 1
2385, 3
2386, 1
2387, 1
2388, 1
2389, 2
2390, 2
2391, 2
2392, 2
2393, 2
2394, 2
2395, 2
2396, 0
2397, 2
2398, 2
2399, 2
2400, 2
2401, 2
2402, 2
2403, 2
2404, 0
2405, 1
2406, 1
2407, 1
2408, 1
2409, 1
2410, 1
2411, 1
2412, 1
2413, 1
2414, 1
2415, 2
2416, 2
2417, 2
2418, 2
2419, 2
2420, 2
2421, 2
2422, 2
2423, 2
2424, 2
2425, 2
2426, 2
2427, 2
2428, 1
2429, 1
2430, 1
2431, 1
2432, 1
2433, 1
2434, 1
2435, 1
2436, 1
2437, 1
2438, 1
2439, 1
2440, 0
2441, 2
2442, 2
2443, 2
2444, 2
2445, 2
2446, 2
2447, 2
2448, 2
2449, 2
2450, 2
2451, 1
2452, 1
2453, 1
2454, 0
2455, 1
2456, 1
2457, 1
2458, 1
2459, 1
2460, 1
2461, 1
2462, 1
2463, 0
2464, 3
2465, 2
2466, 1
2467, 1
2468, 1
2469, 0
2470, 0
2471, 0
2472, 0
2473, 0
2474, 1
2475, 1
2476, 1
2477, 1
2478, 1
2479, 1
2480, 1
2481, 1
2482, 1
2483, 1
2484, 1
2485, 1
2486, 1
2487, 2
2488, 1
2489, 1
2490, 0
2491, 1
2492, 1
2493, 1
2494, 1
2495, 1
2496, 1
2497, 1
2498, 0
2499, 0
2500, 0
2501, 0
2502, 2
2503, 2
2504, 2
2505, 2
2506, 0
2507, 0
2508, 1
2509, 2
2510, 2
2511, 2
2512, 2
2513, 2
2514, 2
2515, 2
2516, 1
2517, 1
2518, 1
2519, 1
2520, 1
2521, 1
2522, 1
2523, 1
2524, 1
2525, 1
2526, 1
2527, 1
2528, 1
2529, 1
2530, 2
2531, 1
2532, 1
2533, 1
2534, 1
2535, 1
2536, 1
2537, 1
2538, 1
2539, 1
2540, 1
2541, 1
2542, 1
2543, 0
2544, 1
2545, 1
2546, 0
2547, 0
2548, 0
2549, 0
2550, 1
2551, 3
2552, 3
2553, 3
2554, 1
2555, 3
2556, 2
2557, 2
2558, 2
2559, 1
2560, 0
2561, 0
2562, 0
2563, 0
2564, 0
2565, 0
2566, 0
2567, 0
2568, 0
2569, 0
2570, 0
2571, 0
2572, 0
2573, 0
2574, 0
2575, 0
2576, 0
2577, 0
2578, 0
2579, 0
2580, 0
2581, 0
2582, 0
2583, 0
2584, 0
2585, 0
2586, 0
2587, 2
2588, 2
2589, 2
2590, 2
2591, 2
2592, 2
2593, 2
2594, 2
2595, 2
2596, 2
2597, 2
2598, 2
2599, 2
2600, 2
2601, 2
2602, 2
2603, 2
2604, 2
2605, 2
2606, 2
2607, 2
2608, 2
2609, 2
2610, 2
2611, 1
2612, 1
2613, 2
2614, 0
2615, 0
2616, 0
2617, 0
2618, 0
2619, 0
2620, 0
2621, 0
2622, 0
2623, 0
2624, 0
2625, 0
2626, 0
2627, 0
2628, 0
2629, 0
2630, 0
2631, 0
2632, 0
2633, 0
2634, 1
2635, 1
2636, 1
2637, 1
2638, 0
2639, 0
2640, 1
2641, 1
2642, 1
2643, 1
2644, 1
2645, 1
2646, 1
2647, 1
2648, 1
2649, 1
2650, 0
2651, 0
2652, 1
2653, 1
2654, 1
2655, 1
2656, 2
2657, 0
2658, 0
2659, 1
2660, 0
2661, 1
2662, 1
2663, 1
2664, 1
2665, 1
2666, 2
2667, 2
2668, 2
2669, 0
2670, 0
2671, 1
2672, 1
2673, 1
2674, 1
2675, 1
2676, 1
2677, 1
2678, 1
2679, 1
2680, 1
2681, 1
2682, 1
2683, 1
2684, 1
2685, 1
2686, 1
2687, 1
2688, 1
2689, 1
2690, 1
2691, 1
2692, 1
2693, 1
2694, 1
2695, 1
2696, 1
2697, 1
2698, 1
2699, 1
2700, 1
2701, 2
2702, 2
2703, 2
2704, 1
2705, 2
2706, 2
2707, 2
2708, 2
2709, 2
2710, 2
2711, 2
2712, 2
2713, 2
2714, 2
2715, 2
2716, 2
2717, 1
2718, 1
2719, 1
2720, 1
2721, 1
2722, 1
2723, 1
2724, 1
2725, 1
2726, 1
2727, 1
2728, 1
2729, 0
2730, 0
2731, 0
2732, 0
2733, 0
2734, 0
2735, 0
2736, 0
2737, 0
2738, 0
2739, 2
2740, 1
2741, 1
2742, 1
2743, 1
2744, 1
2745, 1
2746, 1
2747, 1
2748, 1
2749, 1
2750, 1
2751, 1
2752, 1
2753, 1
2754, 1
2755, 1
2756, 1
2757, 1
2758, 1
2759, 1
2760, 1
2761, 1
2762, 1
2763, 1
2764, 1
2765, 1
2766, 1
2767, 1
2768, 1
2769, 1
2770, 1
2771, 1
2772, 1
2773, 1
2774, 1
2775, 1
2776, 1
2777, 1
2778, 1
2779, 1
2780, 1
2781, 1
2782, 1
2783, 1
2784, 1
2785, 1
2786, 1
2787, 1
2788, 1
2789, 1
2790, 1
2791, 1
2792, 1
2793, 0
2794, 0
2795, 0
2796, 0
2797, 0
2798, 2
2799, 2
2800, 2
2801, 1
2802, 2
2803, 1
2804, 0
2805, 0
2806, 0
2807, 0
2808, 0
2809, 1
2810, 1
2811, 1
2812, 1
2813, 2
2814, 2
2815, 2
2816, 2
2817, 2
2818, 2
2819, 2
2820, 2
2821, 2
2822, 2
2823, 2
2824, 2
2825, 2
2826, 2
2827, 2
2828, 2
2829, 1
2830, 2
2831, 2
2832, 2
2833, 1
2834, 1
2835, 1
2836, 1
2837, 1
2838, 1
2839, 0
2840, 0
2841, 1
2842, 1
2843, 1
2844, 1
2845, 1
2846, 1
2847, 1
2848, 1
2849, 1
2850, 1
2851, 3
2852, 3
2853, 3
2854, 3
2855, 1
2856, 1
2857, 1
2858, 1
2859, 1
2860, 1
2861, 1
2862, 1
2863, 1
2864, 1
2865, 1
2866, 1
2867, 1
2868, 1
2869, 1
2870, 1
2871, 2
2872, 1
2873, 1
2874, 1
2875, 1
2876, 1
2877, 1
2878, 1
2879, 1
2880, 1
2881, 1
2882, 1
2883, 1
2884, 1
2885, 0
2886, 0
2887, 0
2888, 0
2889, 0
2890, 0
2891, 0
2892, 2
2893, 1
2894, 1
2895, 1
2896, 0
2897, 2
2898, 1
2899, 1
2900, 1
2901, 1
2902, 1
2903, 1
2904, 1
2905, 1
2906, 1
2907, 1
2908, 0
2909, 1
2910, 1
2911, 1
2912, 1
2913, 1
2914, 1
2915, 1
2916, 1
2917, 1
2918, 1
2919, 0
2920, 0
2921, 0
2922, 0
2923, 0
2924, 0
2925, 0
2926, 0
2927, 0
2928, 0
2929, 0
2930, 0
2931, 0
2932, 2
2933, 2
2934, 2
2935, 2
2936, 2
2937, 2
2938, 2
2939, 2
2940, 2
2941, 2
2942, 2
2943, 2
2944, 2
2945, 2
2946, 2
2947, 2
2948, 2
2949, 2
2950, 2
2951, 2
2952, 2
2953, 2
2954, 2
2955, 2
2956, 0
2957, 1
2958, 1
2959, 2
2960, 1
2961, 0
2962, 1
2963, 2
2964, 2
2965, 2
2966, 2
2967, 2
2968, 1
2969, 1
2970, 1
2971, 1
2972, 1
2973, 1
2974, 1
2975, 1
2976, 1
2977, 1
2978, 1
2979, 1
2980, 2
2981, 2
2982, 2
2983, 1
2984, 1
2985, 1
2986, 1
2987, 1
2988, 1
2989, 1
2990, 1
2991, 1
2992, 1
2993, 1
2994, 1
2995, 1
2996, 1
2997, 1
2998, 1
2999, 1
3000, 1
3001, 1
3002, 1
3003, 1
3004, 1
3005, 1
3006, 1
3007, 1
3008, 1
3009, 1
3010, 1
3011, 0
3012, 0
3013, 0
3014, 0
3015, 0
3016, 0
3017, 0
3018, 0
3019, 0
3020, 0
3021, 0
3022, 0
3023, 0
3024, 0
3025, 0
3026, 0
3027, 0
3028, 0
3029, 0
3030, 0
3031, 0
3032, 0
3033, 0
3034, 0
3035, 0
3036, 0
3037, 0
3038, 0
3039, 0
3040, 0
3041, 0
3042, 0
3043, 1
3044, 0
3045, 1
3046, 2
3047, 2
3048, 2
3049, 2
3050, 2
3051, 2
3052, 2
3053, 2
3054, 2
3055, 2
3056, 1
3057, 1
3058, 1
3059, 1
3060, 1
3061, 0
3062, 1
3063, 1
3064, 1
3065, 1
3066, 1
3067, 0
3068, 0
3069, 0
3070, 0
3071, 0
3072, 0
3073, 0
3074, 0
3075, 0
3076, 0
3077, 0
3078, 0
3079, 0
3080, 0
3081, 0
3082, 0
3083, 0
3084, 0
3085, 0
3086, 0
3087, 0
3088, 0
3089, 0
3090, 0
3091, 0
3092, 0
3093, 0
3094, 0
3095, 1
3096, 1
3097, 1
3098, 1
3099, 1
3100, 1
3101, 1
3102, 1
3103, 1
3104, 1
3105, 1
3106, 1
3107, 1
3108, 1
3109, 1
3110, 1
3111, 1
3112, 1
3113, 1
3114, 1
3115, 1
3116, 1
3117, 1
3118, 1
3119, 1
3120, 1
3121, 1
3122, 1
3123, 1
3124, 1
3125, 1
3126, 1
3127, 1
3128, 1
3129, 0
3130, 1
3131, 2
3132, 2
3133, 2
3134, 1
3135, 2
3136, 2
3137, 2
3138, 1
3139, 1
3140, 1
3141, 1
3142, 1
3143, 1
3144, 1
3145, 1
3146, 1
3147, 1
3148, 1
3149, 2
3150, 1
3151, 1
3152, 1
3153, 1
3154, 1
3155, 1
3156, 1
3157, 1
3158, 1
3159, 1
3160, 2
3161, 2
3162, 2
3163, 2
3164, 2
3165, 2
3166, 2
3167, 2
3168, 2
3169, 1
3170, 1
3171, 1
3172, 1
3173, 1
3174, 1
3175, 1
3176, 1
3177, 1
3178, 1
3179, 1
3180, 1
3181, 1
3182, 1
3183, 1
3184, 1
3185, 1
3186, 1
3187, 1
